5.2
5.3
5.4
5.6
5.14
5.5
5.46
5.16
5.57
5.58
5.36
5.37
5.212
5.225
5.68
5.69
5.67
5.109
5.270
5.44
5.80
5.79
5.44
5.80
5.59
5.31
5.32
5.2
5.3
5.4
5.6
5.14
5.5
5.44
5.80
5.16
5.45
5.46
5.36
5.37
5.47
5.36
5.37
5.48
5.49
5.50
5.51
5.52
5.66
5.67
5.74
5.33
5.14
5.4
5.5
5.31
5.32
5.2
5.3
5.4
5.5
5.14
5.128
5.129
5.130
5.12
5.16
5.19
5.131
5.132
5.118
5.36
5.37
5.36
5.37
5.119
5.120
5.121
5.133
5.121
5.133
5.126
5.31
5.32
5.2
5.3
5.4
5.5
5.14
5.128
5.129
5.130
5.12
5.16
5.91
5.131
5.132
5.138
5.195
5.195
5.195
5.195
5.195
5.195
5.195
5.140
5.31
5.32
5.2
5.4
5.5
5.141
5.142
5.143
5.143
5.143
5.143
5.143
5.143
5.143
5.143
5.143
5.143
5.143
5.143
5.143
5.143
5.143
5.143
5.143
5.143
5.143
5.143
5.143
5.143
5.143
5.143
5.143
5.143
5.143
5.143
5.143
5.143
5.31
5.32
5.2
5.3
5.4
5.5
5.6
5.14
5.33
5.14
5.16
5.34
5.35
5.36
5.37
5.38
5.36
5.37
5.66
5.40
5.149
5.90
5.150
5.197
5.71
5.31
5.32
5.2
5.3
5.4
5.6
5.14
5.5
5.144
5.14
5.4
5.5
5.130
5.16
5.146
5.147
5.145
5.146
5.147
5.145
5.146
5.147
5.145
5.146
5.147
5.145
5.146
5.147
5.145
5.146
5.147
5.145
5.146
5.147
5.145
5.165
5.31
5.32
5.2
5.3
5.4
5.5
5.14
5.213
5.214
5.4
5.5
5.215
5.130
5.12
5.16
5.19
5.131
5.132
5.118
5.36
5.37
5.36
5.37
5.119
5.120
5.211
5.121
5.133
5.121
5.133
5.216
5.31
5.32
5.2
5.3
5.4
5.6
5.14
5.5
5.10
5.46 or 5.180
5.223
5.16
5.224
5.255
5.256
5.257
5.258
5.267
5.268
5.225
5.226
5.267
5.268
5.228
5.259
5.265
5.266
5.263
5.264
5.229
5.31
5.32
5.2
5.3
5.4
5.6
5.14
5.5
5.10
5.46 or 5.180
5.223
5.16
5.91
5.225
5.227
5.227
5.262
5.244
5.269
5.31
5.32
5.2
5.3
5.4
5.5
5.6
5.14
5.33
5.14
5.16
5.34
5.35
5.36
5.37
5.39
5.197
5.71
5.31
5.32
5.2
5.3
5.4
5.5
5.6
5.14
5.33
5.14
5.16
5.34
5.35
5.36
5.37
5.39
5.197
5.71
5.31
5.32
5.2
5.3
5.4
5.5
5.41
5.14
5.5
5.13
5.14
5.16
5.42
5.82
5.36
5.37
5.39
5.197
5.196
5.43
5.31
5.32
5.2
5.3
5.4
5.5
5.41
5.14
5.5
5.13
5.14
5.16
5.42
5.82
5.36
5.37
5.39
5.197
5.196
5.43
5.31
5.32
5.2
5.3
5.4
5.5
5.41
5.14
5.5
5.13
5.14
5.16
5.42
5.82
5.36
5.37
5.39
5.197
5.196
5.43
5.31
5.32
5.2
5.3
5.4
5.5
5.8
5.12
5.13
5.14
5.4
5.5
5.16
5.17
5.18
5.7
5.19
5.115
5.134
5.164
5.23
5.14
5.211
5.24
5.25
5.26
5.27
5.28
5.30
5.30
5.127
5.254
5.31
5.32
5.2
5.3
5.4
5.6
5.14
5.5
5.107
5.16
5.73
5.54
5.108
5.249
5.36
5.37
5.39
5.55
5.72
5.23
5.14
5.53
5.53
5.177
5.178
5.179
5.165
5.197
5.71
5.31
5.32
5.2
5.3
5.4
5.6
5.14
5.5
5.9, 5.10
5.7
5.11
5.12
5.13
5.14
5.4
5.5
5.16
5.17
5.20
5.211
5.21
5.22
5.23
5.14
5.204
5.24
5.25
5.26
5.27
5.4
5.5
5.29
5.81
5.30
5.30
5.53
5.72
5.70
5.144 or 5.271
5.130 or 5.272
5.14
5.4
5.5
5.222
5.261
5.7
5.7
5.31
5.32
5.2
5.3
5.4
5.6
5.14
5.5
5.9, 5.10
5.7
5.11
5.12
5.13
5.14
5.4
5.5
5.16
5.17
5.20
5.211
5.21
5.22
5.23
5.14
5.204
5.24
5.25
5.26
5.27
5.4
5.5
5.29
5.81
5.30
5.30
5.53
5.72
5.70
5.144 or 5.271
5.130 or 5.272
5.14
5.4
5.5
5.222
5.261
5.7
5.7
5.31
5.32
5.2
5.3
5.4
5.6
5.14
5.5
5.9, 5.10
5.7
5.11
5.12
5.13
5.14
5.4
5.5
5.16
5.17
5.20
5.211
5.21
5.22
5.23
5.14
5.204
5.24
5.25
5.26
5.27
5.4
5.5
5.29
5.81
5.30
5.30
5.53
5.72
5.70
5.144 or 5.271
5.130 or 5.272
5.14
5.4
5.5
5.222
5.261
5.7
5.7
5.31
5.32
5.2
5.3
5.4
5.6
5.14
5.5
5.9, 5.10
5.7
5.11
5.12
5.13
5.14
5.4
5.5
5.16
5.17
5.20
5.211
5.21
5.22
5.23
5.14
5.204
5.24
5.25
5.26
5.27
5.4
5.5
5.29
5.81
5.30
5.30
5.53
5.72
5.70
5.144 or 5.271
5.130 or 5.272
5.14
5.4
5.5
5.222
5.261
5.7
5.7
5.31
5.32
5.2
5.3
5.4
5.6
5.14
5.5
5.9, 5.10
5.7
5.11
5.12
5.13
5.14
5.4
5.5
5.16
5.91
5.276
5.275
5.276
5.275
5.276
5.275
5.7
5.7
5.31
5.32
5.2
5.3
5.4
5.6
5.14
5.5
5.9, 5.10
5.7
5.11
5.12
5.13
5.14
5.4
5.5
5.16
5.91
5.276
5.275
5.276
5.275
5.276
5.275
5.7
5.7
5.31
5.32
5.2
5.3
5.4
5.6
5.14
5.5
5.107
5.180
5.16
5.73
5.197
5.108
5.36
5.37
5.39
5.55
5.72
5.23
5.14
5.53
5.53
5.177
5.178
5.179
5.176
5.165
5.71
5.31
5.32
5.2
5.3
5.4
5.6
5.14
5.5
5.144
5.14
5.4
5.5
5.130
5.16
5.146
5.147
5.145
5.146
5.147
5.145
5.146
5.147
5.145
5.146
5.147
5.145
5.146
5.147
5.145
5.146
5.147
5.145
5.146
5.147
5.145
5.165
5.31
5.32
